x:            u(x):           v(x):
  0.00990099   0.0843657 -0.00859988
    0.019802    0.159845  -0.0161232
    0.029703    0.227276   -0.022684
    0.039604    0.287418  -0.0283845
    0.049505    0.340957   -0.033317
   0.0594059    0.388515  -0.0375643
   0.0693069    0.430657  -0.0412009
   0.0792079    0.467894  -0.0442936
   0.0891089    0.500686  -0.0469026
   0.0990099    0.529455  -0.0490817
    0.108911    0.554578  -0.0508795
    0.118812    0.576399  -0.0523394
    0.128713    0.595231  -0.0535002
    0.138614    0.611353  -0.0543969
    0.148515    0.625023  -0.0550608
    0.158416    0.636471  -0.0555198
    0.168317    0.645906   -0.055799
    0.178218    0.653519  -0.0559208
    0.188119    0.659481  -0.0559052
     0.19802    0.663947    -0.05577
    0.207921    0.667059  -0.0555311
    0.217822    0.668945  -0.0552029
    0.227723    0.669719  -0.0547978
    0.237624    0.669488  -0.0543273
    0.247525    0.668344  -0.0538012
    0.257426    0.666376  -0.0532285
    0.267327    0.663659  -0.0526169
    0.277228    0.660265  -0.0519736
    0.287129    0.656258  -0.0513046
     0.29703    0.651696  -0.0506153
    0.306931     0.64663  -0.0499105
    0.316832    0.641108  -0.0491945
    0.326733    0.635174  -0.0484708
    0.336634    0.628866  -0.0477428
    0.346535    0.622219  -0.0470132
    0.356436    0.615265  -0.0462845
    0.366337    0.608034  -0.0455587
    0.376238    0.600551  -0.0448377
    0.386139     0.59284   -0.044123
     0.39604    0.584923  -0.0434159
    0.405941    0.576819  -0.0427176
    0.415842    0.568545   -0.042029
    0.425743    0.560118  -0.0413509
    0.435644    0.551552  -0.0406838
    0.445545    0.542861  -0.0400284
    0.455446    0.534055   -0.039385
    0.465347    0.525146  -0.0387538
    0.475248    0.516144  -0.0381352
    0.485149    0.507057  -0.0375293
     0.49505    0.497893  -0.0369361
     0.50495     0.48866  -0.0363556
    0.514851    0.479364  -0.0357879
    0.524752    0.470011  -0.0352329
    0.534653    0.460606  -0.0346904
    0.544554    0.451155  -0.0341603
    0.554455    0.441661  -0.0336425
    0.564356    0.432129  -0.0331368
    0.574257    0.422562  -0.0326429
    0.584158    0.412964  -0.0321608
    0.594059    0.403337    -0.03169
     0.60396    0.393685  -0.0312305
    0.613861    0.384009  -0.0307819
    0.623762    0.374311   -0.030344
    0.633663    0.364595  -0.0299166
    0.643564    0.354861  -0.0294993
    0.653465    0.345112  -0.0290921
    0.663366    0.335348  -0.0286945
    0.673267    0.325572  -0.0283064
    0.683168    0.315784  -0.0279274
    0.693069    0.305985  -0.0275574
     0.70297    0.296176  -0.0271961
    0.712871    0.286359  -0.0268433
    0.722772    0.276534  -0.0264987
    0.732673    0.266702  -0.0261621
    0.742574    0.256864  -0.0258332
    0.752475    0.247019  -0.0255119
    0.762376     0.23717  -0.0251979
    0.772277    0.227315  -0.0248911
    0.782178    0.217456  -0.0245911
    0.792079    0.207594  -0.0242979
     0.80198    0.197727  -0.0240112
    0.811881    0.187858  -0.0237308
    0.821782    0.177985  -0.0234566
    0.831683     0.16811  -0.0231883
    0.841584    0.158233  -0.0229258
    0.851485    0.148353   -0.022669
    0.861386    0.138471  -0.0224176
    0.871287    0.128588  -0.0221716
    0.881188    0.118703  -0.0219307
    0.891089    0.108816  -0.0216948
     0.90099   0.0989286  -0.0214637
    0.910891   0.0890396  -0.0212374
    0.920792   0.0791495  -0.0210157
    0.930693   0.0692584  -0.0207985
    0.940594   0.0593664  -0.0205856
    0.950495   0.0494736  -0.0203769
    0.960396   0.0395801  -0.0201723
    0.970297   0.0296859  -0.0199717
    0.980198   0.0197911   -0.019775
    0.990099  0.00989582           0
