x:            u(x):           v(x):
  0.00990099   0.0843657  0.00861109
    0.019802    0.159845  0.00834331
    0.029703    0.227276  0.00837694
    0.039604    0.287418  0.00782832
    0.049505    0.340957   0.0072061
   0.0594059    0.388515  0.00657223
   0.0693069    0.430657   0.0059719
   0.0792079    0.467894  0.00541685
   0.0891089    0.500686   0.0049095
   0.0990099    0.529455  0.00444806
    0.108911    0.554578  0.00402932
    0.118812    0.576399  0.00364972
    0.128713    0.595231  0.00330578
    0.138614    0.611353  0.00299419
    0.148515    0.625023  0.00271196
    0.158416    0.636471  0.00245632
    0.168317    0.645906  0.00222477
    0.178218    0.653519  0.00201505
    0.188119    0.659481   0.0018251
     0.19802    0.663947  0.00165306
    0.207921    0.667059  0.00149723
    0.217822    0.668945  0.00135609
    0.227723    0.669719  0.00122826
    0.237624    0.669488  0.00111247
    0.247525    0.668344  0.00100761
    0.257426    0.666376 0.000912622
    0.267327    0.663659 0.000826593
    0.277228    0.660265 0.000748673
    0.287129    0.656258 0.000678099
     0.29703    0.651696 0.000614177
    0.306931     0.64663 0.000556281
    0.316832    0.641108 0.000503842
    0.326733    0.635174 0.000456347
    0.336634    0.628866 0.000413329
    0.346535    0.622219 0.000374366
    0.356436    0.615265 0.000339076
    0.366337    0.608034 0.000307112
    0.376238    0.600551 0.000278162
    0.386139     0.59284 0.000251941
     0.39604    0.584923 0.000228191
    0.405941    0.576819  0.00020668
    0.415842    0.568545 0.000187197
    0.425743    0.560118 0.000169551
    0.435644    0.551552 0.000153568
    0.445545    0.542861 0.000139092
    0.455446    0.534055  0.00012598
    0.465347    0.525146 0.000114104
    0.475248    0.516144 0.000103348
    0.485149    0.507057  9.3606e-05
     0.49505    0.497893 8.47821e-05
     0.50495     0.48866   7.679e-05
    0.514851    0.479364 6.95513e-05
    0.524752    0.470011  6.2995e-05
    0.534653    0.460606 5.70567e-05
    0.544554    0.451155 5.16782e-05
    0.554455    0.441661 4.68066e-05
    0.564356    0.432129 4.23944e-05
    0.574257    0.422562  3.8398e-05
    0.584158    0.412964 3.47784e-05
    0.594059    0.403337 3.14999e-05
     0.60396    0.393685 2.85306e-05
    0.613861    0.384009 2.58411e-05
    0.623762    0.374311 2.34051e-05
    0.633663    0.364595 2.11988e-05
    0.643564    0.354861 1.92005e-05
    0.653465    0.345112 1.73905e-05
    0.663366    0.335348 1.57512e-05
    0.673267    0.325572 1.42664e-05
    0.683168    0.315784 1.29216e-05
    0.693069    0.305985 1.17035e-05
     0.70297    0.296176 1.06002e-05
    0.712871    0.286359   9.601e-06
    0.722772    0.276534 8.69595e-06
    0.732673    0.266702 7.87621e-06
    0.742574    0.256864 7.13375e-06
    0.752475    0.247019 6.46128e-06
    0.762376     0.23717  5.8522e-06
    0.772277    0.227315 5.30053e-06
    0.782178    0.217456 4.80087e-06
    0.792079    0.207594 4.34831e-06
     0.80198    0.197727 3.93841e-06
    0.811881    0.187858 3.56715e-06
    0.821782    0.177985 3.23089e-06
    0.831683     0.16811 2.92633e-06
    0.841584    0.158233 2.65047e-06
    0.851485    0.148353 2.40062e-06
    0.861386    0.138471 2.17432e-06
    0.871287    0.128588 1.96935e-06
    0.881188    0.118703  1.7837e-06
    0.891089    0.108816 1.61554e-06
     0.90099   0.0989286  1.4632e-06
    0.910891   0.0890396 1.32514e-06
    0.920792   0.0791495 1.19993e-06
    0.930693   0.0692584 1.08611e-06
    0.940594   0.0593664 9.82011e-07
    0.950495   0.0494736 8.85298e-07
    0.960396   0.0395801 7.91844e-07
    0.970297   0.0296859 6.93059e-07
    0.980198   0.0197911 5.69443e-07
    0.990099  0.00989582 3.75055e-07
